camera_matrix:
1404.765746 0.000000 935.753934
0.000000 1379.829570 559.372388
0.000000 0.000000 1.000000
dist_coeffs:
-0.363053 0.209755 0.001243 -0.002077 -0.133556
rvecs:
-0.652873 0.020160 -0.614185
-0.758864 -0.070382 -1.080666
-0.582172 0.089876 -1.734158
-0.325410 -0.197460 -0.759479
-0.275506 -0.556568 -0.323633
-0.930588 -0.667239 -1.152032
-0.796899 0.021791 -0.235143
-0.412235 0.048284 -0.024805
-0.381175 -0.035176 0.039521
-0.313335 0.565643 -0.164384
0.117001 0.726842 0.054507
-0.635348 0.047405 -0.109414
-0.746173 -0.243696 -0.554117
-0.638212 -0.344226 -0.923287
-0.553062 -0.291092 -1.318220
tvecs:
-3.187567 -0.091922 10.005540
-2.285132 1.084222 10.936011
-1.002714 3.126626 9.953152
-3.448131 0.254079 9.447312
-2.451458 -1.466986 6.916681
-1.941303 0.151447 6.221346
-2.366859 -0.904628 7.439696
-2.883435 -1.420252 7.770316
-2.857162 -1.129552 10.963200
-3.748146 -0.724917 10.628787
-2.304352 -1.977238 11.037507
-2.625329 -1.473121 8.967688
-2.614963 -0.914402 7.971496
-2.814708 0.007773 7.889606
-3.044549 1.014834 8.275933
