camera_matrix:
1408.572643 0.000000 918.986646
0.000000 1378.049178 553.273009
0.000000 0.000000 1.000000
dist_coeffs:
-0.355882 0.159152 0.002311 -0.001401 -0.055078
rvecs:
-0.657014 0.032297 -0.610729
-0.767051 -0.059277 -1.076535
-0.597681 0.101045 -1.731091
-0.326131 -0.187326 -0.757335
-0.276808 -0.548897 -0.320091
-0.938934 -0.659468 -1.144755
-0.799342 0.032864 -0.230688
-0.410371 0.059407 -0.022749
-0.377101 -0.025234 0.041597
-0.317144 0.580796 -0.164217
0.112668 0.741778 0.052561
-0.636039 0.058926 -0.105788
-0.750062 -0.233532 -0.548958
-0.643712 -0.334284 -0.918627
-0.561602 -0.280034 -1.314267
0.075522 0.535471 3.095265
-0.336554 -0.381696 -3.061457
0.068661 0.316280 3.057895
-0.005442 0.462375 2.976017
-0.310645 -0.593169 -2.961828
0.223278 0.643426 3.023678
0.143579 0.449175 3.086553
0.009434 0.475122 3.009167
-0.179824 -0.600889 -3.030775
-0.025544 0.481319 3.016822
-0.190984 -0.556152 -3.038372
0.037720 0.696544 2.989170
-0.084262 -0.575202 -2.985788
-0.098398 0.479519 2.969711
-0.220640 -0.414435 -3.034728
tvecs:
-3.067124 -0.047838 10.068531
-2.153001 1.135622 10.987145
-0.880774 3.173411 9.967002
-3.333804 0.297270 9.504765
-2.361853 -1.438461 6.943429
-1.866936 0.178971 6.263294
-2.278132 -0.874759 7.487224
-2.791066 -1.389126 7.818125
-2.726054 -1.083320 11.012951
-3.612763 -0.676984 10.683767
-2.166626 -1.929837 11.081395
-2.518254 -1.438418 9.021805
-2.519340 -0.883191 8.024791
-2.720065 0.042097 7.944509
-2.944958 1.054485 8.333438
2.436281 0.757552 10.924087
5.948681 -0.257133 8.412666
0.158129 -0.201420 8.970029
-0.566954 2.490591 9.601785
6.050506 3.222405 8.936162
3.358094 2.665041 9.762306
2.944142 0.961125 7.736647
0.608076 -0.366548 8.144760
5.894506 -0.578505 8.451473
1.098047 1.991323 8.027660
5.620828 2.554747 7.770052
2.072661 0.885319 11.654481
6.294624 2.354423 10.417072
0.946170 2.034676 10.768210
6.628070 0.202553 10.506590
