camera_matrix:
642.335761 0.000000 297.164041
0.000000 640.430524 256.749049
0.000000 0.000000 1.000000
dist_coeffs:
-0.404469 0.395928 -0.001916 0.001824 -0.502759
rvecs:
-0.497874 -0.005700 0.001464
-0.539539 0.383055 -0.036168
-0.946260 0.024489 -0.107242
-0.734684 -0.469140 0.212616
-0.923943 -0.066931 -0.119435
-0.675145 0.502460 0.212546
-0.567076 -0.071276 -0.428194
-0.782420 0.182559 -0.284676
-0.732999 -0.370826 0.126706
-0.565571 -0.041038 -0.013304
-0.529981 -0.025691 0.010068
-0.707562 -0.134815 -0.102045
-0.829544 0.115960 -0.158555
-0.729997 0.101164 -0.273939
-0.529481 -0.276814 0.829090
-0.426271 0.076543 -1.182277
-0.616756 0.255510 -1.035487
-0.713262 0.342380 -0.608454
-0.711930 0.567962 -0.612847
-0.801045 -0.131287 0.462998
-0.820091 -0.573661 0.676181
-0.644909 -0.060620 0.173592
-0.210332 -0.021552 -0.054492
-0.314441 -0.062169 -0.256684
-0.471452 0.031631 -0.268076
-0.429786 -0.289379 0.848580
-0.414488 -0.106142 0.196069
-0.785154 -0.004809 -0.088504
-0.585081 -0.040709 0.546728
-0.727865 -0.154272 -0.463876
-0.607616 -0.176457 -0.864859
-0.617736 -0.130504 -0.380307
-0.713906 -0.196103 0.325933
-0.213791 0.028795 -1.502579
-0.470425 -0.097054 -0.626215
-0.759093 0.147468 -0.878351
-0.931556 -0.295017 0.121543
-0.755591 -0.234545 1.381775
-0.961949 0.132236 0.359074
-0.210198 0.001566 0.002192
tvecs:
-2.541009 -1.980537 12.563003
-3.297012 -1.685312 11.377729
-3.169966 -1.308919 10.635944
-1.898504 -2.105993 11.604704
-3.277750 -2.806997 11.254244
0.257177 -3.804764 15.646938
-5.294249 -2.321464 15.073296
-0.116200 1.071898 16.243285
-5.435973 0.201517 14.846984
-2.223789 -2.509023 16.191764
-2.366423 -1.615300 10.155199
-3.742583 -0.349376 8.835075
-3.251347 -0.176553 8.913519
-3.937874 -1.481993 9.730236
-1.064615 -3.792287 11.264318
-4.201567 1.916218 10.289684
-3.516371 1.372684 11.772151
-1.873206 0.338355 11.844936
-3.651055 0.573442 12.769635
-3.088005 -3.328713 12.341936
-3.510297 -4.038268 12.316621
-3.251768 -1.866215 12.004475
-3.938029 -4.285572 11.854031
-4.583979 -2.577995 12.365331
-2.829923 -1.363762 12.184589
-0.599300 -3.393902 13.011526
-2.806121 -3.227798 13.511278
-3.384916 0.100925 11.660274
-1.421544 -3.642746 10.512480
-3.472050 -0.943927 10.456789
-3.373413 0.546950 9.552643
-2.793686 -1.082315 9.395571
-2.647132 -3.011786 9.945366
-2.152700 2.829641 9.646339
-4.130882 -0.368525 9.247402
-3.350149 1.175567 9.623822
-3.428371 -2.255392 10.250303
1.142013 -3.759338 12.845158
-2.332106 -2.098593 11.903490
-2.765276 -1.494106 7.631321
