%YAML:1.0
---
camera_matrix: !!opencv-matrix
   rows: 3
   cols: 3
   dt: d
   data: [ 642.33576125993818, 0., 297.1640412201503, 0.,
       640.43052409114762, 256.74904919695661, 0., 0., 1. ]
dist_coeffs: !!opencv-matrix
   rows: 1
   cols: 5
   dt: d
   data: [ -0.40446917379578234, 0.39592755454097678,
       -0.001915661011679106, 0.0018236273786876765,
       -0.50275949791114094 ]
