Transformation matrices: 
STransG1
[[-1.000 0.000 0.000 557.182]
 [0.000 -1.000 0.000 63.933]
 [0.000 0.000 1.000 -596.725]
 [0.000 0.000 0.000 1.000]]
STransG2
[[-1.000 0.000 0.000 563.110]
 [0.000 -1.000 0.000 9.925]
 [0.000 0.000 1.000 -596.725]
 [0.000 0.000 0.000 1.000]]
STransG3
[[-1.000 0.000 0.000 508.502]
 [0.000 -1.000 0.000 9.762]
 [0.000 0.000 1.000 -596.725]
 [0.000 0.000 0.000 1.000]]
STransG4
[[-1.000 0.000 0.000 557.404]
 [0.000 -1.000 0.000 55.651]
 [0.000 0.000 1.000 -596.725]
 [0.000 0.000 0.000 1.000]]
STransG5
[[-1.000 0.000 0.000 543.080]
 [0.000 -1.000 0.000 -73.895]
 [0.000 0.000 1.000 -596.725]
 [0.000 0.000 0.000 1.000]]
STransG
[[-1.000 0.000 0.000 546.536]
 [0.000 -1.000 0.000 11.379]
 [0.000 0.000 1.000 -596.725]
 [0.000 0.000 0.000 1.000]]

Calibration Statistics: 
Number of calibration points: 5

Screen Information: 
Width: 2560px, 597mm
Height: 1440px, 336mm
Webcam Information: 
Width: 1280px
Height: 1024px
